0
0
0
0
0
0
0
0
0
0
0
0
0
0
0
0
0
0
0
0
0
0
0
0
0
0
0
0
0
0
0
0
0
0
0
0
0
0
0
0
0
0
0
0
0
0
0
0
0
0
0
0
0
0
0
0
0
0
0
0
0
0
0
0
0
0
0
0
0
0
0
0
0
0
0
0
0
0
0
0
0
0
0
0
0
0
0
0
0
0
0
0
0
0
0
0
0
0
0
0
0
0
0
0
0
0
0
0
0
0
0
0
0
0
0
0
0
0
0
0
0
0
0
0
0
0
0
0
0
0
0
0
0
0
0
0
0
0
0
0
0
0
67.80
102.05
110.29
109.47
116.41
118.28
113.03
118.17
121.31
116.51
119.56
121.98
120.43
123.46
121.42
125.33
125.81
121.76
125.57
126.29
126.90
128.75
126.17
128.75
131.96
130.14
131.43
129.38
133.15
134.23
133.02
135.47
132.75
136.17
138.30
137.72
139.03
134.37
138.16
138.16
140.35
142.93
139.61
142.47
137.30
142.78
142.78
144.18
145.92
144.33
147.22
143.24
146.73
142.62
145.92
148.05
150.06
149.38
148.05
151.09
147.22
150.74
146.08
151.78
149.55
152.30
152.13
155.16
156.45
154.62
156.45
153.90
156.45
154.44
158.89
155.34
157.56
153.90
158.13
156.08
159.08
158.13
160.62
158.89
160.62
158.70
161.41
160.04
162.60
162.00
164.21
163.60
163.80
164.21
164.41
165.23
166.06
165.23
166.90
165.86
166.48
167.32
168.82
168.17
170.34
168.60
171.22
169.25
173.69
170.56
177.42
177.18
180.07
181.80
184.08
182.30
180.07
181.55
179.83
182.81
177.65
182.56
182.05
184.08
181.06
181.55
182.56
180.32
181.31
177.42
183.06
181.06
182.81
182.05
183.57
183.82
181.55
181.06
179.10
183.57
181.06
182.81
181.80
183.31
183.57
181.80
182.30
178.13
182.30
180.07
184.34
181.55
182.81
183.06
182.81
183.31
181.06
182.56
179.58