0
0
0
0
0
0
0
0
0
0
0
0
0
0
0
0
0
0
0
0
0
0
0
0
0
0
0
0
0
0
0
0
0
0
0
0
0
0
0
0
0
0
0
0
0
0
0
0
0
0
0
0
0
0
0
0
0
0
0
0
0
0
0
0
0
0
0
0
0
0
0
0
0
0
0
0
0
0
0
0
0
0
0
0
0
0
0
0
0
0
0
0
0
0
0
0
0
0.07
57.05
76.90
91.28
99.81
98.26
99.74
105.21
107.87
105.54
110.20
111.13
109.65
113.32
113.51
111.97
114.49
115.19
116.30
121.42
119.67
123.12
125.22
121.98
126.53
127.63
127.63
131.96
128.25
132.88
132.75
131.96
135.89
134.10
137.72
137.01
139.91
141.40
140.35
142.93
139.76
144.18
142.16
144.33
147.72
145.76
149.21
147.06
150.74
149.38
151.43
149.55
153.19
153.90
152.66
155.16
153.19
156.63
155.16
159.27
156.45
159.08
159.27
160.82
159.46
160.82
159.65
163.60
160.62
164.21
161.41
165.03
163.00
166.06
163.80
166.69
163.60
167.32
166.27
168.82
166.06
170.34
166.48
171.22
168.39
172.33
168.39
172.33
171.44
173.01
171.00
173.24
173.24
174.61
174.84
174.61
175.53
174.15
176.47
173.46
176.47
173.92
176.00
176.00
178.61
176.24
177.89
178.13
179.10
179.83
177.89
180.56
178.37
181.55
178.37
182.05
181.06
183.31
179.83
182.56
183.31
182.05
185.11
182.81
185.63
184.08
186.68
185.37
184.34
185.37
183.82
185.89
185.89
187.47
185.63
188.00
188.00
185.89
189.62
186.94
189.35
188.54
188.81
189.08
186.94
190.71
188.00
190.16
190.16
189.08
191.26
190.71
191.82
191.26
194.35
194.64
194.07
199.03
196.66
199.03
197.84
195.50
199.03
196.08
199.63
197.84
197.25
199.03
196.37
199.33
197.54
196.95
197.54
197.84
197.84
199.33
195.21
199.93
197.25
199.93
198.73
197.54
198.43
197.84
198.73
197.84
196.37
198.73
198.13
198.73
198.73
196.37
199.33
196.95
199.93
196.66
197.25
198.73
197.54
198.43
197.54
197.25
196.95