187.20
185.89
188.27
186.68
186.94
188.00
188.81
187.20
187.20
188.54
187.47
186.15
188.27
188.81
186.15
187.73
188.54
187.47
187.20
188.27
189.62
187.73
186.68
189.08
187.20
187.47
188.81
188.81
188.00
187.73
188.27
187.47
189.35
188.54
188.81
188.54
189.62
188.81
187.73
188.81
189.89
188.27
188.00
189.08
189.62
187.20
188.27
189.62
189.08
188.81
187.73
189.62
188.81
189.35
189.08
188.27
188.54
190.16
190.44
186.68
188.81
190.16
188.81
188.00
189.35
190.16
189.08
188.54
188.54
187.73
189.35
190.16
189.62
188.54
189.35
190.99
189.35
189.08
189.08
190.44
188.81
190.44
191.54
188.54
188.54
190.44
190.71
189.62
190.71
190.44
187.47
189.62
190.71
191.82
189.89
189.35
188.81
188.27
189.08
190.71
189.62
176.71
169.68
164.01
161.80
158.89
158.32
160.23
158.89
156.82
158.89
158.51
159.65
158.70
158.51
159.27
160.43
158.51
159.85
159.08
161.21
157.94
157.94
158.51
159.08
157.94
158.89
158.70
158.70
157.56
158.89
158.89
159.46
158.13
159.27
159.46
159.85
158.13
157.38
158.89
159.65
160.04
157.75
158.70
158.89
159.46
157.75
156.63
158.89
158.32
158.51
159.08
158.51
159.65
158.13
159.08
158.32
159.27
158.89
158.89
158.13
157.38
155.16
156.63
158.89
159.65
158.51
157.75
158.89
160.62
159.08
158.51
158.89
160.62
160.62
159.08
158.51
160.23
160.43
157.38
157.56
158.32
158.32
156.63
157.38
158.70
159.65
158.89
159.08
159.65
159.08
159.27
158.89
158.70
159.46
160.23
158.32
158.13
158.13
157.94
156.26
176.47
186.15
186.94
188.54
190.44
191.54
190.44
191.54
190.71
187.47
189.62
190.99
191.54
190.16
189.89
190.71
189.62
190.44
191.26
192.09
190.71
190.71
191.26
188.27
190.44
191.26
190.99
190.71
191.82
192.37
189.08
190.44
191.26
189.89
191.26
192.09
191.54
188.81
190.71
190.71
189.89
191.26
191.82
192.65
190.99
190.71
190.71
189.08
190.71
192.09
191.54
190.71
192.09
192.93
189.62
189.62
190.99
191.82
190.71
191.82
192.65
190.99
192.37
192.65
191.54
191.82
191.82
192.09
189.62
192.09
192.93
190.71
190.99
192.09
192.37
190.99
192.37
192.65
189.62
190.71
190.71
191.26
190.44
192.09
192.09
191.26
191.82
192.93
191.54
190.44
190.16
191.82
190.16
191.82
192.09
190.99
191.82
192.65
192.93
190.16
179.34
171.89
167.32
164.01
163.80
163.40
162.60
161.41
162.40
162.80
161.21
161.80
161.41
162.20
161.80
161.21
162.60
162.80
162.00
161.60
161.80
163.40
161.80
160.23
162.00
162.60
162.00
161.60
161.80
162.00
163.00
161.01
162.40
162.80
160.62
161.01
161.60
162.00
163.40
160.82
161.01
162.80
161.41
161.41
161.80
161.80
162.40
160.62
161.41
163.00
163.00
162.00
161.60
162.20
163.20
160.82
162.40
162.80
161.01
161.80
161.60
162.20
163.80
160.62
163.00
162.60
162.20
161.21
161.60
163.00
163.00
161.21
162.40
162.40
164.01
161.80
161.60
163.40
162.20
163.00
162.00
163.80
163.40
161.80
162.40
161.41
163.60
162.20
161.21
162.80
162.00
162.80
161.60
161.80
163.40
163.20
161.80
162.00
163.60
162.80
180.07
187.47
191.26
189.62
192.37
192.65
193.22
191.82
192.65
193.22
192.09
192.37
193.50
192.09
192.09
193.78
194.35
192.09
193.22
193.50
192.09
193.50
194.07
193.50
192.37
193.22
194.07
192.37
191.82
192.93
191.82
191.26
191.26
191.54
192.09
192.37
192.93
191.54
192.37
192.93
193.22
191.82
192.93
193.78
191.54
192.65
193.78
193.22
192.93
193.78
194.07
192.37
193.78
194.35
192.09
192.93
193.78
194.35
192.65
193.50
194.64
192.65
193.50
194.35
194.64
193.22
194.07
194.64
192.93
193.50
194.64
193.50
192.09
192.93
194.92
191.26
192.65
193.50
191.82
192.65
193.22
194.64
192.37
193.22
194.35
191.54
192.37
193.22
191.82
192.65
193.50
192.65
191.54
192.65
193.50
191.82
192.65
193.50
194.92
191.82
181.06
173.46
168.60
167.11
165.03
165.65
163.80
163.40
163.20
164.21
162.20
163.80
162.60
165.03
161.80
163.80
163.60
164.21
161.41
161.60
163.60
162.20
162.40
162.40
164.01
164.01
162.00
162.80
162.20
164.41
161.41
163.40
163.20
164.62
162.40
162.20
163.80
162.40
163.00
162.20
164.01
163.00
163.40
162.80
163.00
164.01
162.00
163.40
163.00
164.41
162.60
163.40
163.20
164.82
163.20
162.60
164.01
163.80
163.60
163.20
164.41
164.41
164.41
163.00
164.41
164.21
163.60
162.60
164.62
162.20
163.40
162.60
164.21
163.20
163.20
162.60
163.00
164.41
163.20
162.80
162.20
165.03
162.40
163.20
163.80
165.03
164.41
163.60
164.01
165.65
164.62
164.21
164.01
165.65
163.60
162.80
163.40
163.80
164.21